---
layout: articles
title: houmo.ai day8
tags: intern
---



# 重新调内参
重新选取数据集进行点对处理

## right:
选取52个图片
cameraParams.IntrinsicMatrix  
```
1013.33186305861	0	0
0	1015.44898995158	0
943.818667214402	548.736311646258	1
```

cameraParams.RadialDistortion
```
-0.333151338116751	0.0955586291897684
```

cameraParams.TangentialDistortion  
```
0	0
```


```python
mtx =  np.array([[1013.33186305861, 0.000000, 943.818667214402],
                 [0.000000, 1015.44898995158, 548.736311646258],
                 [0.000000, 0.000000, 1.000000]])
dist = np.array([-0.333151338116751, 0.0955586291897684, 0, 0, 0.000000])
```


```python
$ python opencv_pnp_extrinsic_right.py
success flag is: True
vector_rotation is: [[ 1.1914315 ]
 [-1.20547764]
 [ 1.22906641]]
vector_translation is: [[-0.04636426]
 [ 0.03577391]
 [ 0.14477351]]
R is: [[-0.01378391 -0.99990294  0.00202874]
 [ 0.01734633 -0.00226775 -0.99984697]
 [ 0.99975452 -0.01374661  0.0173759 ]]
T is: [[ 0.98890301 -0.14501339  0.03227933]
 [ 0.14335812  0.98846896  0.04876033]
 [-0.03897801 -0.04359173  0.99828877]]

```

## left
45个图片
cameraParams.IntrinsicMatrix  
```
1006.68158201806	0	0
0	1007.32176929308	0
946.651565098801	524.392660693042	1
```

cameraParams.RadialDistortion
```
-0.346311961679769	0.109875191584164
```

cameraParams.TangentialDistortion  
```
0 0
```

cameraParams.MeanReprojectionError  
```
0.102892262675093
```


```python
mtx =  np.array([[1006.68158201806, 0.000000, 946.651565098801],
                 [0.000000, 1007.32176929308, 524.392660693042],
                 [0.000000, 0.000000, 1.000000]])
dist = np.array([-0.346311961679769, 0.109875191584164, 0, 0, 0.000000])
```


```python
$ python opencv_pnp_extrinsic_left.py
success flag is: True
vector_rotation is: [[ 1.20783885]
 [-1.17801429]
 [ 1.24034406]]
vector_translation is: [[-0.1056475 ]
 [ 0.0088011 ]
 [-0.00821565]]
R is: [[-0.00076086 -0.99968502  0.02508547]
 [ 0.02644456 -0.02509682 -0.9993352 ]
 [ 0.99964999 -0.00009698  0.02645533]]
T is: [[ 0.99992759  0.00773571  0.0092181 ]
 [-0.00866465  0.99439084  0.10541241]
 [-0.00835095 -0.10548465  0.99438587]]
 ```


 