---
layout: articles
title: houmo.ai day7
tags: intern
---


## left

```python
$ python opencv_pnp_extrinsic_left.py
success flag is: True
vector_rotation is: [[ 1.18245432]
 [-1.14023175]
 [ 1.22350528]]
vector_translation is: [[-0.10983835]
 [ 0.14720075]
 [ 0.42553048]]
R is: [[ 0.02691166 -0.99959842  0.00887505]
 [ 0.06149057 -0.0072061  -0.99808165]
 [ 0.99774479  0.02740576  0.06127195]]
T is: [[ 0.90042956 -0.41839913  0.11903263]
 [ 0.4025182   0.90514602  0.13671056]
 [-0.16494149 -0.07518543  0.9834335 ]]
```


# 重新进行内参计算

## left:

内参:
```
1010.53927637810	0	0
0	1011.10019447568	0
946.461573216188	531.836757099065	1
```

radialDistoration
```
-0.346986059845099	0.107344734262419
```

TangentialDistortion
```
0 0
```

```python
mtx =  np.array([[1010.53927637810, 0.000000, 946.461573216188],
                 [0.000000, 1011.10019447568, 531.836757099065],
                 [0.000000, 0.000000, 1.000000]])
dist = np.array([-0.346986059845099, 0.107344734262419, 0, 0, 0.000000])
```



$ python opencv_pnp_extrinsic_left.py 
success flag is: True
vector_rotation is: [[ 1.21023424]
 [-1.1825535 ]
 [ 1.23631982]]
vector_translation is: [[-0.11098191]
 [ 0.01780416]
 [ 0.01644295]]
R is: [[-4.26801908e-04 -9.99733948e-01  2.30619083e-02]
 [ 2.13827656e-02 -2.30657614e-02 -9.99505252e-01]      
 [ 9.99771271e-01  6.65366312e-05  2.13869211e-02]]     
T is: [[ 0.99970664 -0.01739451  0.01685444]
 [ 0.0154207   0.99371309  0.11088959]
 [-0.01867734 -0.11059715  0.9936898 ]]

## right:
内参：
```
1018.55237604410	0	0
0	1018.52663537727	0
942.381384311739	548.833475463328	1
```

radialDistortion:
```
-0.334714897106180	0.0954037089247972
```

TangentialDistortion  
```
0	0
```

```python
mtx =  np.array([[1018.55237604410, 0.000000, 942.381384311739],
                 [0.000000, 1018.52663537727, 548.833475463328],
                 [0.000000, 0.000000, 1.000000]])
dist = np.array([-0.334714897106180,0.0954037089247972, 0, 0, 0.000000])
```
