---
layout: articles
title: houmo.ai day6
tags: intern
---
# houmo.ai day6

## 回灌测试任务

当感知模块有新的更新或路测反馈问题，需要进行回灌测试。感知模块调试可参考如下文档


## 继续进行标定任务


### left 进行标定

total left points
```python
2d:
(1464,491),
(1463,569),
(1435,529),
(1493,530),
(1149,495),
(1148,561),
(1122,528),
(1174,529),
(671, 474),
(668, 540),
(643, 506),
(694, 508),
(857,543),
(841,777),
(755,652),
(941,668),
(283,490),
(264,704),
(199,586),
(344,609),
(1354, 543),
(1343,820),
(1253,679),
(1452,681),
(1307, 474),
(1314,705),
(1223, 591),
(1400, 585),
(362, 485),
(352, 662),
(294,569),
(418,578),
(650,544),
(643,729),
(576,633),
(718,639),

3d:
(9.785367,-5.708947,0.733634),
(9.783111,-5.684767,-0.058195),
(9.902987,-5.399284,0.336266),
(9.621295,-6.012053,0.337238),
(12.537342, -2.632893, 0.777250),
(12.534504, -2.655147, -0.087025),
(12.587104, -2.310166, 0.330085),
(12.429382, -2.961097, 0.358722),
(12.121087, 3.325051, 0.878902), 
(12.098133, 3.364206, 0.056504), 
(11.980446, 3.685666, 0.523975), 
(12.234973, 3.005197, 0.412437),
(3.646356,0.235799,0.019282),
(3.556173,0.261149,-0.803137),
(3.523069,0.575662,-0.375200),
(4.894861,-0.412754,-0.690369),
(3.306258,2.546161,0.145726),
(3.195935,2.558596,-0.680722),
(3.062711,2.848039,-0.228335),
(3.416810,2.254682,-0.286258),
(2.923754,-1.350964,0.057098),
(2.818051,-1.306900,-0.766388),
(3.103072,-1.087897,-0.377820),
(2.600333,-1.582271,-0.319927),
(3.588083, -1.432226, 0.338001), 
(3.493352, -1.484279, -0.504213), 
(3.593134,-1.106766,-0.109748), 
(3.448805,-1.792275,-0.087564), 
(4.239290,2.721575,0.235265),
(4.067287,2.679845,-0.611966),
(4.104996,3.046416,-0.189679),
(4.208536,2.350143,-0.193355),
(4.542358,1.254586,-0.016938),
(4.402846,1.237584,-0.823328),
(4.419688,1.601650,-0.411280),
(4.462762,0.925818,-0.433166),
```

results:
```python
$ python opencv_pnp_extrinsic.py 
success flag is: True
vector_rotation is: [[ 1.18501631]
 [-1.14158371]
 [ 1.2228808 ]]
vector_translation is: [[-0.11442154]
 [ 0.12860977]
 [ 0.41494497]]
R is: [[ 0.02703628 -0.99958736  0.00970269]
 [ 0.05897644 -0.00809432 -0.99822656]
 [ 0.99789319  0.02756056  0.05873326]]
T is: [[ 0.90721638 -0.40836326  0.10098462]
 [ 0.39389336  0.90891167  0.13684883]
 [-0.14767013 -0.08437433  0.98543113]]
 ```


 Tr_velo_to_cam =（R | vector_translation）

### right

```python
$ python opencv_pnp_extrinsic.py
success flag is: True
vector_rotation is: [[ 1.18404617]
 [-1.2017869 ]
 [ 1.22741645]]
vector_translation is: [[-0.05572386]
 [ 0.05221822]
 [ 0.1671987 ]]
R is: [[-0.01213463 -0.9999228  -0.00267228]
 [ 0.0237689   0.00238327 -0.99971464]
 [ 0.99964383 -0.01219468  0.02373814]]
T is: [[ 0.98470207 -0.16770957  0.04727929]
 [ 0.16480795  0.9845134   0.05976373]
 [-0.05657004 -0.05105746  0.99709226]]
```