---
layout: articles
title: houmo.ai day11
tags: intern
---


# 重新标定数据整理

```
1032.12381297729	0	0
0	1042.83746348152	0
1023.06962902607	551.011633212484	1
```

radialDistortion
```
-0.309502719001483	0.0678123735430055
```

tangial
```
0 0
```

```python
mtx =  np.array([[1032.12381297729, 0.000000, 1023.06962902607],
                 [0.000000, 1042.83746348152, 551.011633212484],
                 [0.000000, 0.000000, 1.000000]])
dist = np.array([-0.309502719001483, 0.0678123735430055, 0, 0, 0.000000])
```


```python
$ python opencv_pnp_extrinsic_left.py
(69, 2)
(69, 3)
success flag is: True
vector_rotation is: [[ 1.00097279]
 [-1.45248641]
 [ 1.45474458]]
vector_translation is: [[3.19147498]
 [0.45448771]
 [2.97356514]]
R is: [[-0.33872598 -0.94071081 -0.01810723]
 [ 0.01956859  0.01219719 -0.99973411]
 [ 0.94068155 -0.33899025  0.01427688]]
T is: [[ 0.37857238  0.74176606  0.55359378]
 [-0.54253805 -0.30674512  0.78202295]
 [ 0.74989027 -0.59639797  0.28631108]]
```

# 沙钢项目can口信息


## can 总线丢包

## can id顺序问题

按照时间顺序定义id

过滤条件



## 物体种类，尺寸

## 频率问题

## 验收

## 多帧版

第七个字节

专家演示

## 障碍物

